PC1: 76.1488454840256
PC2: 9.397399605395192
