PC1: 73.15430630825797
PC2: 16.907157588430998
