PC1: 73.15430630825784
PC2: 16.90715758843092
