PC1: 76.14884548402526
PC2: 9.397399605395258
